1439 254 4
1440 203 1
1441 149 3
1442 50 13
1443 53 5
1444 184 4
1445 68 3
1446 106 13
1447 35 3
1448 80 7
1449 74 11
1450 134 12
1451 32 1
1452 196 2
1453 131 12
1454 44 6
1455 137 0
1456 190 10
1457 32 3
1458 73 3
1459 193 3
1460 197 4
1461 61 7
1462 194 1
1463 20 13
1464 184 9
1465 116 11
1466 209 11
1467 98 12
1468 90 13
1469 71 1
1470 230 1
1471 164 0
1472 131 2
1473 147 7
1474 305 4
1475 29 2
1476 77 7
1477 59 3
1478 251 11
1479 62 5
1480 31 4
1481 167 10
1482 67 11
1483 180 8
1484 197 9
1485 50 5
1486 80 4
1487 194 12
1488 470 13
1489 70 0
1490 149 8
1491 292 4
1492 101 0
1493 167 10
1494 80 0
1495 446 4
1496 41 10
1497 197 6
1498 171 7
1499 92 2
1500 234 10
1501 40 9
1502 196 2
1503 77 6
1504 79 5
1505 611 6
1506 151 13
1507 79 10
1508 56 13
1509 155 8
1510 162 2
1511 38 8
1512 227 11
1513 43 8
1514 56 11
1515 179 3
1516 38 11
1517 200 12
1518 242 2
1519 56 9
1520 86 5
1521 176 9
1522 70 6
1523 89 7
1524 215 2
1525 242 6
1526 47 0
1527 112 7
1528 77 8
1529 29 9
1530 107 12
1531 41 7
1532 41 1
1533 100 3
1534 425 6
1535 68 6
1536 161 1
1537 23 0
1538 94 10
1539 50 5
1540 52 10
1541 92 5
1542 233 0
1543 191 4
1544 107 12
1545 32 1
1546 205 7
1547 235 10
1548 275 9
1549 179 9
1550 23 8
1551 182 6
1552 169 1
1553 62 0
1554 173 3
1555 107 2
1556 26 6
1557 230 7
1558 410 10
1559 50 13
1560 41 11
1561 59 9
1562 44 12
1563 137 8
1564 175 13
1565 70 4
1566 173 2
1567 53 5
1568 76 12
1569 74 13
1570 392 5
1571 494 8
1572 50 0
1573 383 12
1574 113 9
1575 128 8
1576 25 11
1577 107 5
1578 98 1