0 0 2
1 113 1
2 14 2
3 34 5
4 308 5
5 80 2
6 131 5
7 134 4
8 134 5
9 185 5
10 103 1
11 206 3
12 191 5
13 71 1
14 53 3
15 143 3
16 71 3
17 227 3
18 34 5
19 52 4
20 68 1
21 157 5
22 203 3
23 97 2
24 59 5
25 41 5
26 14 4
27 167 1
28 242 3
29 71 2
30 47 5
31 158 1
32 149 2
33 53 3
34 205 1
35 26 2
36 32 0
37 73 3
38 74 1
39 50 5
40 110 2
41 67 3
42 181 2
43 113 2
44 77 5
45 118 5
46 197 3
47 83 1
48 173 2
49 92 0
50 146 2
51 140 3
52 230 3
53 101 2
54 200 0
55 20 5
56 131 3
57 14 5
58 128 4
59 38 2
60 85 2
61 89 5
62 134 2
63 53 5
64 232 3
65 161 5
66 236 2
67 86 3
68 188 1
69 271 4
70 20 2
71 59 5
72 278 0
73 142 5
74 40 2
75 190 3
76 65 2
77 137 1
78 83 3
79 92 3
80 158 5
81 74 4
82 210 0
83 95 4
84 17 3
85 300 3
86 304 3
87 194 3
88 161 2
89 100 1
90 71 0
91 204 2
92 41 1
93 239 5
94 128 3
95 50 5
96 71 1
97 185 3
98 62 0
99 59 5
100 41 3
101 203 5
102 74 2
103 140 5
104 31 3
105 107 5
106 110 2
107 95 3
108 137 0
109 23 5
110 215 0
111 74 3
112 113 5
113 173 1
114 166 1
115 186 3
116 173 0
117 79 0
118 443 4
119 28 5
120 77 2
121 143 4
122 26 2
123 32 2
124 0 5
125 25 4
126 197 3
127 80 5
128 137 3
129 188 3
130 26 2
131 296 3
132 128 2
133 194 3
134 20 3
135 1157 3
136 92 2
137 235 2
138 236 2
139 219 4
140 206 3
141 32 4
142 491 3
143 85 5
144 104 3
145 82 3
146 160 4
147 247 3
148 206 3
149 239 2
150 107 1
151 161 2
152 233 2
153 59 2
154 101 2
155 170 2
156 118 3
157 245 5
158 50 2
159 140 1
160 89 0
161 92 5
162 97 5
163 35 2
164 180 2
165 503 2
166 58 1
167 73 2
168 137 4
169 41 2
170 182 2
171 92 5
172 47 4
173 92 2
174 118 5
175 59 5
176 220 5
177 41 3
178 115 3
179 17 5
180 115 5
181 292 1
182 137 3
183 152 2
184 14 3
185 116 0
186 377 2
187 76 3
188 74 1
189 212 3
190 278 5
191 173 1
192 83 2
193 149 4
194 137 4
195 35 3
196 62 5
197 193 5
198 34 2
199 101 5
200 37 5
201 316 1
202 140 5
203 41 3
204 104 3
205 62 1
206 200 0
207 62 3
208 92 4
209 0 1
210 310 2
211 172 4
212 127 2
213 107 3
214 31 5
215 113 1
216 77 4
217 332 5
218 206 2
219 141 5
220 113 1
221 65 2
222 68 3
223 139 0
224 95 3
225 113 2
226 65 2
227 0 5
228 122 3
229 113 3
230 80 5
231 110 2
232 41 2
233 28 3
234 182 3
235 218 3
236 56 5
237 47 2
238 68 2
239 137 1
240 128 3
241 115 3
242 113 3
243 65 3
244 332 1
245 28 2
246 215 5
247 53 2
248 125 0
249 204 1
250 256 3
251 49 3
252 65 3
253 56 2
254 270 3
255 76 3
256 89 3
257 119 5
258 59 2
259 155 3
260 58 2
261 80 2
262 71 1
263 252 3
264 239 3
265 26 3
266 20 4
267 59 2
268 116 3
269 50 2
270 31 5
271 86 3
272 104 2
273 278 0
274 53 3
275 71 2
276 41 3
277 313 5
278 98 5
279 209 3
280 53 0
281 34 2
282 194 2
283 98 3
284 104 2
285 131 5
286 559 4
287 223 3
288 74 1
289 53 2
290 53 0
291 65 3
292 242 3
293 80 5
294 233 2
295 29 5
296 244 3
297 275 1
298 0 2
299 101 2
300 80 1
301 149 3
302 29 2
303 149 3
304 107 2
305 69 1
306 47 3
307 541 2
308 374 2
309 358 4
310 136 2
311 89 3
312 193 1
313 128 3
314 59 5
315 53 4
316 20 5
317 56 1
318 95 2
319 85 4
320 245 5
321 59 5
322 38 3
323 44 3
324 220 5
325 74 3
326 46 2
327 282 1
328 83 3
329 134 2
330 251 5
331 199 3
332 59 5
333 50 2
334 160 2
335 41 2
336 26 1
337 233 3
338 44 5
339 80 2
340 58 1
341 92 5
342 140 1
343 65 3
344 191 1
345 59 4
346 206 0
347 124 4
348 107 5
349 167 3
350 0 5
351 61 1
352 47 2
353 101 2
354 322 2
355 44 1
356 95 5
357 41 5
358 101 3
359 236 0
360 255 2
361 44 3
362 50 3
363 191 3
364 0 3
365 167 1
366 188 3
367 50 3
368 89 3
369 61 3
370 44 3
371 14 2
372 182 2
373 59 2
374 44 5
375 71 5
376 25 2
377 98 2
378 44 3
379 50 4
380 275 5
381 17 0
382 47 2
383 41 3
384 59 5
385 74 4
386 143 1
387 191 1
388 175 3
389 91 1
390 127 3
391 86 5
392 247 3
393 41 1
394 53 3
395 17 4
396 62 2
397 65 2
398 85 3
399 245 0
400 422 2
401 50 5
402 41 2
403 76 2
404 44 3
405 161 4
406 95 2
407 479 0
408 143 1
409 0 1
410 295 3
411 56 2
412 62 5
413 106 1
414 137 2
415 65 5
416 62 3
417 287 3
418 29 2
419 50 2
420 134 3
421 43 3
422 38 5
423 80 2
424 250 3
425 175 4
426 185 3
427 83 3
428 239 2
429 199 4
430 113 2
431 94 0
432 131 2
433 89 1
434 62 2
435 83 3
436 122 3
437 131 3
438 38 2
439 29 1
440 161 2
441 236 3
442 14 1
443 47 0
444 146 2
445 53 2
446 200 2
447 154 3
448 131 5
449 209 3
450 265 3
451 19 1
452 71 2
453 185 2
454 116 2
455 71 3
456 52 4
457 44 2
458 47 2
459 86 1
460 296 1
461 68 3
462 113 2
463 38 5
464 236 3
465 53 2
466 248 1
467 59 2
468 86 3
469 53 4
470 43 5
471 67 1
472 89 4
473 127 3
474 65 2
475 242 5
476 91 2
477 124 4
478 167 3
479 193 5
480 56 2
481 143 2
482 38 3
483 221 3
484 0 2
485 65 2
486 71 2
487 47 1
488 35 3
489 80 5
490 271 3
491 67 2
492 245 0
493 137 5
494 35 5
495 234 3
496 53 2
497 116 3
498 83 0
499 272 3
500 53 2
501 53 0
502 161 2
503 191 3
504 53 2
505 419 2
506 305 3
507 119 2
508 35 3
509 32 3
510 29 3
511 158 2
512 35 3
513 46 3
514 26 3
515 41 5
516 95 5
517 101 2
518 154 3
519 32 3
520 206 3
521 154 3
522 65 5
523 268 1
524 50 3
525 230 5
526 251 2
527 86 2
528 295 2
529 95 1
530 124 5
531 86 1
532 212 3
533 146 2
534 47 5
535 35 5
536 293 3
537 64 3
538 118 3
539 275 5
540 110 3
541 278 3
542 53 1
543 103 2
544 214 0
545 103 2
546 202 1
547 320 3
548 26 4
549 131 3
550 53 4
551 176 3
552 242 2
553 71 3
554 62 3
555 200 5
556 23 1
557 77 1
558 106 2
559 65 5
560 62 0
561 55 2
562 203 1
563 47 2
564 65 2
565 230 3
566 20 5
567 86 2
568 80 1
569 155 1
570 95 5
571 199 5
572 165 1
573 101 0
574 47 3
575 82 2
576 44 1
577 0 3
578 44 0
579 185 2
580 56 5
581 83 5
582 79 2
583 245 3
584 245 1
585 182 3
586 89 3
587 17 3
588 95 3
589 47 3
590 254 2
591 227 3
592 50 2
593 74 2
594 235 1
595 219 3
596 316 5
597 236 0
598 136 3
599 34 5
600 173 2
601 215 5
602 86 3
603 80 4
604 65 5
605 47 5
606 64 2
607 35 3
608 104 3
609 262 4
610 95 3
611 119 5
612 160 4
613 92 3
614 104 3
615 38 4
616 71 5
617 83 0
618 272 5
619 176 5
620 98 3
621 92 1
622 128 3
623 17 0
624 140 2
625 0 3
626 131 4
627 179 3
628 143 3
629 188 2
630 134 2
631 62 1
632 89 3
633 251 2
634 35 5
635 89 0
636 32 1
637 80 2
638 217 3
639 53 2
640 215 3
641 221 2
642 50 1
643 26 5
644 38 2
645 158 2
646 35 1
647 86 0
648 161 3
649 254 2
650 41 2
651 161 4
652 38 5
653 59 1
654 94 3
655 173 1
656 23 4
657 44 3
658 107 3
659 239 3
660 44 1
661 65 3
662 38 2
663 180 3
664 80 3
665 206 2
666 94 2
667 44 5
668 77 0
669 38 5
670 240 5
671 172 2
672 205 3
673 149 2
674 62 5
675 203 2
676 173 1
677 85 2
678 115 3
679 86 5
680 176 2
681 74 3
682 206 5
683 44 5
684 213 3
685 74 4
686 80 3
687 209 3
688 104 2
689 16 2
690 205 1
691 248 1
692 146 3
693 56 4
694 88 1
695 109 2
696 232 3
697 29 2
698 164 5
699 218 2
700 101 2
701 38 2
702 188 5
703 68 1
704 53 2
705 92 3
706 101 1
707 89 2
708 47 2
709 203 2
710 104 3
711 140 3
712 47 3
713 272 3
714 32 3
715 125 5
716 215 2
717 58 2
718 44 0
719 34 3
720 77 5
721 38 1
722 128 2
723 222 3
724 433 3
725 17 2
726 91 1
727 64 0
728 41 1
729 164 5
730 491 4
731 240 3
732 112 3
733 37 2
734 104 4
735 13 4
736 64 2
737 131 3
738 35 2
739 59 1
740 47 3
741 149 5
742 131 3
743 68 2
744 177 0
745 179 4
746 89 1
747 68 1
748 98 2
749 98 5
750 26 3
751 92 3
752 142 2
753 118 3
754 20 2
755 80 4
756 95 5
757 128 1
758 26 2
759 77 3
760 246 2
761 199 2
762 164 3
763 71 5
764 148 2
765 119 1
766 165 4
767 32 0
768 44 3
769 64 0
770 41 3
771 134 3
772 59 2
773 180 5
774 35 3
775 68 3
776 955 1
777 59 5
778 47 2
779 77 2
780 107 3
781 11 3
782 56 2
783 104 3
784 158 3
785 38 2
786 0 4
787 17 1
788 23 4
789 260 3
790 124 5
791 205 3
792 149 2
793 152 4
794 38 4
795 20 3
796 116 1
797 59 5
798 201 3
799 116 4
800 71 1
801 38 4
802 17 4
803 129 3
804 278 4
805 56 2
806 59 1
807 137 3
808 253 2
809 137 3
810 80 1
811 289 4
812 176 3
813 155 3
814 167 5
815 68 3
816 68 0
817 135 5
818 55 2
819 125 3
820 65 2
821 176 0
822 40 1
823 191 4
824 203 1
825 92 3
826 71 5
827 20 3
828 110 0
829 215 2
830 143 2
831 269 1
832 56 3
833 371 5
834 275 2
835 47 2
836 38 3
837 59 4
838 55 5
839 56 5
840 116 3
841 59 2
842 62 2
843 98 1
844 187 5
845 112 2
846 140 3
847 238 3
848 64 3
849 295 4
850 182 3
851 31 3
852 167 5
853 83 4
854 104 5
855 62 3
856 189 2
857 233 3
858 113 2
859 131 5
860 26 3
861 92 5
862 29 4
863 206 5
864 62 5
865 83 3
866 178 1
867 65 5
868 472 0
869 161 0
870 92 1
871 32 5
872 89 5
873 86 2
874 131 1
875 25 2
876 44 3
877 329 2
878 50 3
879 62 1
880 130 3
881 196 5
882 41 1
883 26 5
884 264 4
885 145 5
886 77 5
887 38 5
888 76 5
889 58 2
890 29 4
891 49 5
892 98 5
893 141 3
894 170 3
895 92 5
896 88 0
897 89 3
898 149 0
899 106 3
900 256 0
901 207 3
902 192 2
903 200 2
904 260 3
905 0 5
906 0 5
907 26 1
908 116 3
909 308 3
910 38 0
911 77 5
912 125 3
913 50 3
914 164 5
915 133 1
916 32 1
917 155 2
918 20 3
919 8 3
920 98 3
921 260 2
922 158 4
923 155 5
924 98 2
925 254 5
926 41 3
927 47 1
928 158 0
929 104 3
930 47 3
931 91 2
932 215 1
933 77 3
934 149 3
935 182 4
936 0 2
937 98 3
938 253 1
939 128 2
940 431 3
941 101 2
942 10 3
943 94 0
944 209 1
945 103 3
946 316 2
947 121 2
948 149 5
949 28 3
950 131 3
951 207 5
952 242 0
953 83 2
954 77 3
955 47 2
956 92 1
957 302 2
958 79 2
959 167 2
960 68 5
961 59 2
962 188 2
963 56 3
964 230 2
965 232 5
966 285 2
967 125 2
968 68 1
969 209 1
970 38 2
971 158 1
972 68 3
973 88 1
974 94 2
975 77 0
976 41 5
977 107 2
978 31 3
979 104 1
980 323 1
981 137 1
982 212 2
983 83 2
984 200 3
985 278 5
986 116 2
987 47 2
988 13 5
989 149 5
990 71 4
991 56 3
992 65 3
993 80 5
994 104 5
995 199 3
996 65 2
997 67 5
998 71 1
999 209 5
1000 41 1
1001 115 3
1002 253 5
1003 95 0
1004 117 4
1005 31 2
1006 86 3
1007 193 2
1008 38 3
1009 214 1
1010 97 3
1011 89 5
1012 101 2
1013 56 5
1014 136 5
1015 83 5
1016 35 3
1017 59 3
1018 38 4
1019 131 1
1020 392 3
1021 20 4
1022 286 3
1023 49 3
1024 88 2
1025 47 3
1026 35 2
1027 140 3
1028 134 5
1029 29 2
1030 38 4
1031 172 3
1032 95 2
1033 82 3
1034 41 3
1035 107 5
1036 264 2
1037 29 3
1038 110 3
1039 109 2
1040 145 2
1041 61 3
1042 20 3
1043 74 2
1044 38 1
1045 29 1
1046 0 5
1047 41 3
1048 38 2
1049 35 2
1050 158 2
1051 53 3
1052 218 1
1053 26 2
1054 65 1
1055 38 3
1056 38 5
1057 56 5
1058 0 5
1059 44 3
1060 53 3
1061 145 3
1062 214 2
1063 41 3
1064 89 1
1065 221 5
1066 272 3
1067 152 5
1068 238 3
1069 191 3
1070 140 3
1071 41 5
1072 20 3
1073 65 3
1074 89 2
1075 50 3
1076 35 4
1077 25 5
1078 67 4
1079 65 4
1080 182 1
1081 44 3
1082 142 3
1083 152 4
1084 230 2
1085 65 1
1086 35 5
1087 80 5
1088 89 5
1089 37 5
1090 113 3
1091 65 4
1092 247 2
1093 77 1
1094 202 0
1095 154 1
1096 212 2
1097 484 3
1098 109 5
1099 110 3
1100 104 5
1101 67 5
1102 239 1
1103 59 5
1104 182 5
1105 206 2
1106 55 2
1107 119 2
1108 269 2
1109 305 5
1110 212 5
1111 56 3
1112 152 2
1113 74 3
1114 110 3
1115 80 4
1116 290 2
1117 76 3
1118 53 2
1119 122 2
1120 38 2
1121 87 5
1122 46 3
1123 53 3
1124 245 3
1125 58 2
1126 323 3
1127 122 5
1128 104 1
1129 202 5
1130 29 3
1131 59 1
1132 79 5
1133 32 5
1134 455 2
1135 116 1
1136 200 5
1137 89 5
1138 179 3
1139 262 2
1140 233 3
1141 122 2
1142 49 2
1143 91 3
1144 74 4
1145 176 2
1146 223 2
1147 215 0
1148 233 2
1149 83 4
1150 59 3
1151 53 4
1152 34 1
1153 214 1
1154 95 0
1155 121 2
1156 149 5
1157 320 3
1158 139 2
1159 272 3
1160 62 3
1161 83 3
1162 50 4
1163 64 2
1164 85 2
1165 135 5
1166 170 1
1167 164 2
1168 53 5
1169 74 3
1170 215 4
1171 44 3
1172 31 1
1173 236 2
1174 206 2
1175 292 2
1176 175 2
1177 125 1
1178 83 5
1179 149 2
1180 34 2
1181 107 5
1182 230 3
1183 71 2
1184 192 2
1185 122 2
1186 20 3
1187 82 0
1188 137 5
1189 195 1
1190 101 2
1191 181 3
1192 139 2
1193 197 3
1194 44 2
1195 41 3
1196 131 5
1197 38 2
1198 107 0
1199 29 1
1200 185 3
1201 112 3
1202 38 2
1203 77 3
1204 104 3
1205 150 3
1206 35 3
1207 239 1
1208 49 4
1209 244 0
1210 170 3
1211 230 4
1212 56 5
1213 194 3
1214 200 1
1215 182 2
1216 26 4
1217 35 2
1218 83 3
1219 178 3
1220 35 3
1221 86 4
1222 0 3
1223 65 3
1224 62 2
1225 101 2
1226 76 3
1227 40 4
1228 161 3
1229 157 5
1230 1223 3
1231 101 1
1232 17 2
1233 44 0
1234 62 2
1235 35 3
1236 260 3
1237 94 2
1238 207 3
1239 230 5
1240 221 5
1241 110 4
1242 272 5
1243 62 1
1244 19 2
1245 170 5
1246 110 3
1247 53 5
1248 83 5
1249 68 3
1250 53 1
1251 68 2
1252 65 5
1253 100 5
1254 137 3
1255 53 1
1256 95 1
1257 73 2
1258 23 3
1259 227 0
1260 266 1
1261 400 0
1262 80 5
1263 0 4
1264 221 3
1265 173 1
1266 126 3
1267 0 3
1268 263 3
1269 56 1
1270 23 5
1271 65 3
1272 89 5
1273 19 3
1274 245 2
1275 50 4
1276 23 2
1277 68 0
1278 17 1
1279 47 4
1280 209 3
1281 92 5
1282 49 2
1283 107 2
1284 52 3
1285 551 5
1286 80 4
1287 587 3
1288 104 1
1289 95 4
1290 110 3
1291 44 3
1292 80 4
1293 182 3
1294 181 3